2 0 154 306
#Zonecount
0 1
1 1
2 1
3 1
4 1
5 1
6 1
7 1
8 1
9 3
10 5
11 1
12 1
13 1
14 1
15 1
16 1
17 1
18 1
19 1
20 1
21 1
22 1
23 1
24 1
25 1
26 1
27 1
28 3
29 4
30 4
31 1
32 1
33 1
34 1
35 1
36 1
37 1
38 1
39 1
40 1
41 1
42 1
43 2
44 1
45 1
46 1
47 1
48 1
49 2
50 0
51 1
52 0
53 1
54 0
55 1
56 1
57 0
58 1
59 0
60 1
61 5
62 0
63 4
64 1
65 1
66 1
67 0
68 0
69 0
70 0
71 1
72 0
73 0
74 0
75 1
76 0
77 0
78 0
79 0
80 0
81 0
82 0
83 1
84 1
85 0
86 6
87 0
88 0
89 1
90 0
91 0
92 2
93 0
94 0
95 0
96 0
97 0
98 0
99 0
100 0
101 0
102 1
103 0
104 0
105 1
106 0
107 0
108 0
109 0
110 3
111 0
112 0
113 0
114 0
115 1
116 3
117 0
118 1
119 1
120 1
121 1
122 1
123 0
124 0
125 0
126 1
127 0
128 0
129 0
130 0
131 0
132 3
133 1
134 0
135 0
136 0
137 0
138 0
139 1
140 0
141 1
142 0
143 0
144 1
145 0
146 1
147 0
148 0
149 0
150 0
151 0
152 0
153 0
#Linkcount
21 28
21 29
21 22
4 8
4 9
4 5
107 108
141 148
122 123
55 62
72 73
107 115
55 61
72 84
72 83
89 97
107 116
122 131
55 56
122 130
141 142
20 27
20 28
5 10
20 21
5 9
5 6
106 107
54 61
73 74
123 124
140 146
140 145
106 115
39 40
106 114
54 60
73 85
73 84
123 131
39 44
123 132
54 55
19 27
2 3
19 20
2 7
57 67
124 125
87 88
109 110
40 44
124 133
124 132
70 80
139 140
40 45
109 117
70 81
139 145
109 118
40 41
3 4
18 24
3 8
3 7
56 63
71 72
125 126
108 109
86 87
125 133
138 139
41 45
138 144
108 117
41 42
108 116
56 62
71 83
71 82
25 26
8 14
25 31
25 30
8 9
8 15
51 56
68 79
111 119
34 35
51 55
145 146
85 96
85 86
34 42
111 112
126 127
68 69
9 15
24 25
9 10
24 30
9 16
110 119
35 36
50 54
50 55
69 80
110 118
127 134
84 95
69 79
84 96
50 51
110 111
84 85
69 70
144 151
6 10
6 11
128 137
83 94
66 76
83 95
66 77
53 59
143 150
128 129
83 84
7 8
7 13
22 23
7 14
22 29
82 93
129 137
37 43
82 94
52 53
142 148
67 78
52 59
129 130
82 83
99 100
63 74
114 120
80 81
63 73
114 115
46 48
97 104
46 47
99 107
80 92
99 106
80 91
46 49
63 64
29 38
12 18
115 121
115 120
98 99
62 73
62 72
115 116
81 82
98 106
81 93
149 150
98 105
81 92
47 49
62 63
132 133
28 38
13 20
28 29
13 19
13 14
65 75
116 117
101 102
65 76
116 122
116 121
95 96
131 132
65 66
95 103
48 49
101 109
146 147
101 108
78 89
10 17
27 37
10 11
10 16
27 28
64 74
117 118
79 80
117 123
117 122
94 95
100 101
64 75
147 152
64 65
130 131
100 108
79 91
100 107
94 103
79 90
94 102
26 31
26 32
11 12
11 17
137 142
93 101
152 153
103 110
93 102
76 87
137 141
103 111
76 88
59 70
118 123
93 94
118 124
76 77
118 119
59 69
16 22
33 34
16 17
33 41
33 42
16 23
102 109
92 101
77 88
136 140
102 110
92 100
43 46
119 124
92 93
119 125
102 103
58 68
32 33
17 23
32 41
32 40
135 136
120 128
120 129
61 62
135 140
105 114
44 45
91 99
74 85
91 100
135 139
74 86
74 75
120 121
61 71
105 106
61 72
91 92
14 15
14 20
31 32
1 3
1 2
14 21
31 39
31 40
121 130
60 61
121 129
75 86
90 99
134 138
75 87
104 113
90 98
121 122
75 76
90 91
60 71
15 16
30 31
15 21
0 1
15 22
30 39

